0	1	0	1000000
1	1	1000000	2000000
2	1	2000000	3000000
3	1	3000000	4000000
4	1	4000000	5000000
5	1	5000000	6000000
6	1	6000000	7000000
7	1	7000000	8000000
8	1	8000000	9000000
9	1	9000000	10000000
10	1	10000000	11000000
11	1	11000000	12000000
12	1	12000000	13000000
13	1	13000000	14000000
14	1	14000000	15000000
15	1	15000000	16000000
16	1	16000000	17000000
17	1	17000000	18000000
18	1	18000000	19000000
19	1	19000000	20000000
20	1	20000000	21000000
21	1	21000000	22000000
22	1	22000000	23000000
23	1	23000000	24000000
24	1	24000000	25000000
25	1	25000000	26000000
26	1	26000000	27000000
27	1	27000000	28000000
28	1	28000000	29000000
29	1	29000000	30000000
30	1	30000000	31000000
31	1	31000000	32000000
32	1	32000000	33000000
33	1	33000000	34000000
34	1	34000000	35000000
35	1	35000000	36000000
36	1	36000000	37000000
37	1	37000000	38000000
38	1	38000000	39000000
39	1	39000000	40000000
40	1	40000000	41000000
41	1	41000000	42000000
42	1	42000000	43000000
43	1	43000000	44000000
44	1	44000000	45000000
45	1	45000000	46000000
46	1	46000000	47000000
47	1	47000000	48000000
48	1	48000000	49000000
49	1	49000000	50000000
50	1	50000000	51000000
51	1	51000000	52000000
52	1	52000000	53000000
53	1	53000000	54000000
54	1	54000000	55000000
55	1	55000000	56000000
56	1	56000000	57000000
57	1	57000000	58000000
58	1	58000000	59000000
59	1	59000000	60000000
60	1	60000000	61000000
61	1	61000000	62000000
62	1	62000000	63000000
63	1	63000000	64000000
64	1	64000000	65000000
65	1	65000000	66000000
66	1	66000000	67000000
67	1	67000000	68000000
68	1	68000000	69000000
69	1	69000000	70000000
70	1	70000000	71000000
71	1	71000000	72000000
72	1	72000000	73000000
73	1	73000000	74000000
74	1	74000000	75000000
75	1	75000000	76000000
76	1	76000000	77000000
77	1	77000000	78000000
78	1	78000000	79000000
79	1	79000000	80000000
80	1	80000000	81000000
81	1	81000000	82000000
82	1	82000000	83000000
83	1	83000000	84000000
84	1	84000000	85000000
85	1	85000000	86000000
86	1	86000000	87000000
87	1	87000000	88000000
88	1	88000000	89000000
89	1	89000000	90000000
90	1	90000000	91000000
91	1	91000000	92000000
92	1	92000000	93000000
93	1	93000000	94000000
94	1	94000000	95000000
95	1	95000000	96000000
96	1	96000000	97000000
97	1	97000000	98000000
98	1	98000000	99000000
99	1	99000000	100000000
100	1	100000000	101000000
101	1	101000000	102000000
102	1	102000000	103000000
103	1	103000000	104000000
104	1	104000000	105000000
105	1	105000000	106000000
106	1	106000000	107000000
107	1	107000000	108000000
108	1	108000000	109000000
109	1	109000000	110000000
110	1	110000000	111000000
111	1	111000000	112000000
112	1	112000000	113000000
113	1	113000000	114000000
114	1	114000000	115000000
115	1	115000000	116000000
116	1	116000000	117000000
117	1	117000000	118000000
118	1	118000000	119000000
119	1	119000000	120000000
120	1	120000000	121000000
121	1	121000000	122000000
141	1	141000000	142000000
142	1	142000000	143000000
143	1	143000000	144000000
144	1	144000000	145000000
145	1	145000000	146000000
146	1	146000000	147000000
147	1	147000000	148000000
148	1	148000000	149000000
149	1	149000000	150000000
150	1	150000000	151000000
151	1	151000000	152000000
152	1	152000000	153000000
153	1	153000000	154000000
154	1	154000000	155000000
155	1	155000000	156000000
156	1	156000000	157000000
157	1	157000000	158000000
158	1	158000000	159000000
159	1	159000000	160000000
160	1	160000000	161000000
161	1	161000000	162000000
162	1	162000000	163000000
163	1	163000000	164000000
164	1	164000000	165000000
165	1	165000000	166000000
166	1	166000000	167000000
167	1	167000000	168000000
168	1	168000000	169000000
169	1	169000000	170000000
170	1	170000000	171000000
171	1	171000000	172000000
172	1	172000000	173000000
173	1	173000000	174000000
174	1	174000000	175000000
175	1	175000000	176000000
176	1	176000000	177000000
177	1	177000000	178000000
178	1	178000000	179000000
179	1	179000000	180000000
180	1	180000000	181000000
181	1	181000000	182000000
182	1	182000000	183000000
183	1	183000000	184000000
184	1	184000000	185000000
185	1	185000000	186000000
186	1	186000000	187000000
187	1	187000000	188000000
188	1	188000000	189000000
189	1	189000000	190000000
190	1	190000000	191000000
191	1	191000000	192000000
192	1	192000000	193000000
193	1	193000000	194000000
194	1	194000000	195000000
195	1	195000000	196000000
196	1	196000000	197000000
197	1	197000000	198000000
198	1	198000000	199000000
199	1	199000000	200000000
200	1	200000000	201000000
201	1	201000000	202000000
202	1	202000000	203000000
203	1	203000000	204000000
204	1	204000000	205000000
205	1	205000000	206000000
206	1	206000000	207000000
207	1	207000000	208000000
208	1	208000000	209000000
209	1	209000000	210000000
210	1	210000000	211000000
211	1	211000000	212000000
212	1	212000000	213000000
213	1	213000000	214000000
214	1	214000000	215000000
215	1	215000000	216000000
216	1	216000000	217000000
217	1	217000000	218000000
218	1	218000000	219000000
219	1	219000000	220000000
220	1	220000000	221000000
221	1	221000000	222000000
222	1	222000000	223000000
223	1	223000000	224000000
224	1	224000000	225000000
225	1	225000000	226000000
226	1	226000000	227000000
227	1	227000000	228000000
228	1	228000000	229000000
229	1	229000000	230000000
230	1	230000000	231000000
231	1	231000000	232000000
232	1	232000000	233000000
233	1	233000000	234000000
234	1	234000000	235000000
235	1	235000000	236000000
236	1	236000000	237000000
237	1	237000000	238000000
238	1	238000000	239000000
239	1	239000000	240000000
240	1	240000000	241000000
241	1	241000000	242000000
242	1	242000000	243000000
243	1	243000000	244000000
244	1	244000000	245000000
245	1	245000000	246000000
246	1	246000000	247000000
247	1	247000000	248000000
248	2	0	1000000
249	2	1000000	2000000
250	2	2000000	3000000
251	2	3000000	4000000
252	2	4000000	5000000
253	2	5000000	6000000
254	2	6000000	7000000
255	2	7000000	8000000
256	2	8000000	9000000
257	2	9000000	10000000
258	2	10000000	11000000
259	2	11000000	12000000
260	2	12000000	13000000
261	2	13000000	14000000
262	2	14000000	15000000
263	2	15000000	16000000
264	2	16000000	17000000
265	2	17000000	18000000
266	2	18000000	19000000
267	2	19000000	20000000
268	2	20000000	21000000
269	2	21000000	22000000
270	2	22000000	23000000
271	2	23000000	24000000
272	2	24000000	25000000
273	2	25000000	26000000
274	2	26000000	27000000
275	2	27000000	28000000
276	2	28000000	29000000
277	2	29000000	30000000
278	2	30000000	31000000
279	2	31000000	32000000
280	2	32000000	33000000
281	2	33000000	34000000
282	2	34000000	35000000
283	2	35000000	36000000
284	2	36000000	37000000
285	2	37000000	38000000
286	2	38000000	39000000
287	2	39000000	40000000
288	2	40000000	41000000
289	2	41000000	42000000
290	2	42000000	43000000
291	2	43000000	44000000
292	2	44000000	45000000
293	2	45000000	46000000
294	2	46000000	47000000
295	2	47000000	48000000
296	2	48000000	49000000
297	2	49000000	50000000
298	2	50000000	51000000
299	2	51000000	52000000
300	2	52000000	53000000
301	2	53000000	54000000
302	2	54000000	55000000
303	2	55000000	56000000
304	2	56000000	57000000
305	2	57000000	58000000
306	2	58000000	59000000
307	2	59000000	60000000
308	2	60000000	61000000
309	2	61000000	62000000
310	2	62000000	63000000
311	2	63000000	64000000
312	2	64000000	65000000
313	2	65000000	66000000
314	2	66000000	67000000
315	2	67000000	68000000
316	2	68000000	69000000
317	2	69000000	70000000
318	2	70000000	71000000
319	2	71000000	72000000
320	2	72000000	73000000
321	2	73000000	74000000
322	2	74000000	75000000
323	2	75000000	76000000
324	2	76000000	77000000
325	2	77000000	78000000
326	2	78000000	79000000
327	2	79000000	80000000
328	2	80000000	81000000
329	2	81000000	82000000
330	2	82000000	83000000
331	2	83000000	84000000
332	2	84000000	85000000
333	2	85000000	86000000
334	2	86000000	87000000
335	2	87000000	88000000
336	2	88000000	89000000
337	2	89000000	90000000
338	2	90000000	91000000
339	2	91000000	92000000
342	2	94000000	95000000
343	2	95000000	96000000
344	2	96000000	97000000
345	2	97000000	98000000
346	2	98000000	99000000
347	2	99000000	100000000
348	2	100000000	101000000
349	2	101000000	102000000
350	2	102000000	103000000
351	2	103000000	104000000
352	2	104000000	105000000
353	2	105000000	106000000
354	2	106000000	107000000
355	2	107000000	108000000
356	2	108000000	109000000
357	2	109000000	110000000
358	2	110000000	111000000
359	2	111000000	112000000
360	2	112000000	113000000
361	2	113000000	114000000
362	2	114000000	115000000
363	2	115000000	116000000
364	2	116000000	117000000
365	2	117000000	118000000
366	2	118000000	119000000
367	2	119000000	120000000
368	2	120000000	121000000
369	2	121000000	122000000
370	2	122000000	123000000
371	2	123000000	124000000
372	2	124000000	125000000
373	2	125000000	126000000
374	2	126000000	127000000
375	2	127000000	128000000
376	2	128000000	129000000
377	2	129000000	130000000
378	2	130000000	131000000
379	2	131000000	132000000
380	2	132000000	133000000
381	2	133000000	134000000
382	2	134000000	135000000
383	2	135000000	136000000
384	2	136000000	137000000
385	2	137000000	138000000
386	2	138000000	139000000
387	2	139000000	140000000
388	2	140000000	141000000
389	2	141000000	142000000
390	2	142000000	143000000
391	2	143000000	144000000
392	2	144000000	145000000
393	2	145000000	146000000
394	2	146000000	147000000
395	2	147000000	148000000
396	2	148000000	149000000
397	2	149000000	150000000
398	2	150000000	151000000
399	2	151000000	152000000
400	2	152000000	153000000
401	2	153000000	154000000
402	2	154000000	155000000
403	2	155000000	156000000
404	2	156000000	157000000
405	2	157000000	158000000
406	2	158000000	159000000
407	2	159000000	160000000
408	2	160000000	161000000
409	2	161000000	162000000
410	2	162000000	163000000
411	2	163000000	164000000
412	2	164000000	165000000
413	2	165000000	166000000
414	2	166000000	167000000
415	2	167000000	168000000
416	2	168000000	169000000
417	2	169000000	170000000
418	2	170000000	171000000
419	2	171000000	172000000
420	2	172000000	173000000
421	2	173000000	174000000
422	2	174000000	175000000
423	2	175000000	176000000
424	2	176000000	177000000
425	2	177000000	178000000
426	2	178000000	179000000
427	2	179000000	180000000
428	2	180000000	181000000
429	2	181000000	182000000
430	2	182000000	183000000
431	2	183000000	184000000
432	2	184000000	185000000
433	2	185000000	186000000
434	2	186000000	187000000
435	2	187000000	188000000
436	2	188000000	189000000
437	2	189000000	190000000
438	2	190000000	191000000
439	2	191000000	192000000
440	2	192000000	193000000
441	2	193000000	194000000
442	2	194000000	195000000
443	2	195000000	196000000
444	2	196000000	197000000
445	2	197000000	198000000
446	2	198000000	199000000
447	2	199000000	200000000
448	2	200000000	201000000
449	2	201000000	202000000
450	2	202000000	203000000
451	2	203000000	204000000
452	2	204000000	205000000
453	2	205000000	206000000
454	2	206000000	207000000
455	2	207000000	208000000
456	2	208000000	209000000
457	2	209000000	210000000
458	2	210000000	211000000
459	2	211000000	212000000
460	2	212000000	213000000
461	2	213000000	214000000
462	2	214000000	215000000
463	2	215000000	216000000
464	2	216000000	217000000
465	2	217000000	218000000
466	2	218000000	219000000
467	2	219000000	220000000
468	2	220000000	221000000
469	2	221000000	222000000
470	2	222000000	223000000
471	2	223000000	224000000
472	2	224000000	225000000
473	2	225000000	226000000
474	2	226000000	227000000
475	2	227000000	228000000
476	2	228000000	229000000
477	2	229000000	230000000
478	2	230000000	231000000
479	2	231000000	232000000
480	2	232000000	233000000
481	2	233000000	234000000
482	2	234000000	235000000
483	2	235000000	236000000
484	2	236000000	237000000
485	2	237000000	238000000
486	2	238000000	239000000
487	2	239000000	240000000
488	2	240000000	241000000
489	2	241000000	242000000
490	2	242000000	243000000
491	3	0	1000000
492	3	1000000	2000000
493	3	2000000	3000000
494	3	3000000	4000000
495	3	4000000	5000000
496	3	5000000	6000000
497	3	6000000	7000000
498	3	7000000	8000000
499	3	8000000	9000000
500	3	9000000	10000000
501	3	10000000	11000000
502	3	11000000	12000000
503	3	12000000	13000000
504	3	13000000	14000000
505	3	14000000	15000000
506	3	15000000	16000000
507	3	16000000	17000000
508	3	17000000	18000000
509	3	18000000	19000000
510	3	19000000	20000000
511	3	20000000	21000000
512	3	21000000	22000000
513	3	22000000	23000000
514	3	23000000	24000000
515	3	24000000	25000000
516	3	25000000	26000000
517	3	26000000	27000000
518	3	27000000	28000000
519	3	28000000	29000000
520	3	29000000	30000000
521	3	30000000	31000000
522	3	31000000	32000000
523	3	32000000	33000000
524	3	33000000	34000000
525	3	34000000	35000000
526	3	35000000	36000000
527	3	36000000	37000000
528	3	37000000	38000000
529	3	38000000	39000000
530	3	39000000	40000000
531	3	40000000	41000000
532	3	41000000	42000000
533	3	42000000	43000000
534	3	43000000	44000000
535	3	44000000	45000000
536	3	45000000	46000000
537	3	46000000	47000000
538	3	47000000	48000000
539	3	48000000	49000000
540	3	49000000	50000000
541	3	50000000	51000000
542	3	51000000	52000000
543	3	52000000	53000000
544	3	53000000	54000000
545	3	54000000	55000000
546	3	55000000	56000000
547	3	56000000	57000000
548	3	57000000	58000000
549	3	58000000	59000000
550	3	59000000	60000000
551	3	60000000	61000000
552	3	61000000	62000000
553	3	62000000	63000000
554	3	63000000	64000000
555	3	64000000	65000000
556	3	65000000	66000000
557	3	66000000	67000000
558	3	67000000	68000000
559	3	68000000	69000000
560	3	69000000	70000000
561	3	70000000	71000000
562	3	71000000	72000000
563	3	72000000	73000000
564	3	73000000	74000000
565	3	74000000	75000000
566	3	75000000	76000000
567	3	76000000	77000000
568	3	77000000	78000000
569	3	78000000	79000000
570	3	79000000	80000000
571	3	80000000	81000000
572	3	81000000	82000000
573	3	82000000	83000000
574	3	83000000	84000000
575	3	84000000	85000000
576	3	85000000	86000000
577	3	86000000	87000000
578	3	87000000	88000000
579	3	88000000	89000000
580	3	89000000	90000000
581	3	90000000	91000000
585	3	94000000	95000000
586	3	95000000	96000000
587	3	96000000	97000000
588	3	97000000	98000000
589	3	98000000	99000000
590	3	99000000	100000000
591	3	100000000	101000000
592	3	101000000	102000000
593	3	102000000	103000000
594	3	103000000	104000000
595	3	104000000	105000000
596	3	105000000	106000000
597	3	106000000	107000000
598	3	107000000	108000000
599	3	108000000	109000000
600	3	109000000	110000000
601	3	110000000	111000000
602	3	111000000	112000000
603	3	112000000	113000000
604	3	113000000	114000000
605	3	114000000	115000000
606	3	115000000	116000000
607	3	116000000	117000000
608	3	117000000	118000000
609	3	118000000	119000000
610	3	119000000	120000000
611	3	120000000	121000000
612	3	121000000	122000000
613	3	122000000	123000000
614	3	123000000	124000000
615	3	124000000	125000000
616	3	125000000	126000000
617	3	126000000	127000000
618	3	127000000	128000000
619	3	128000000	129000000
620	3	129000000	130000000
621	3	130000000	131000000
622	3	131000000	132000000
623	3	132000000	133000000
624	3	133000000	134000000
625	3	134000000	135000000
626	3	135000000	136000000
627	3	136000000	137000000
628	3	137000000	138000000
629	3	138000000	139000000
630	3	139000000	140000000
631	3	140000000	141000000
632	3	141000000	142000000
633	3	142000000	143000000
634	3	143000000	144000000
635	3	144000000	145000000
636	3	145000000	146000000
637	3	146000000	147000000
638	3	147000000	148000000
639	3	148000000	149000000
640	3	149000000	150000000
641	3	150000000	151000000
642	3	151000000	152000000
643	3	152000000	153000000
644	3	153000000	154000000
645	3	154000000	155000000
646	3	155000000	156000000
647	3	156000000	157000000
648	3	157000000	158000000
649	3	158000000	159000000
650	3	159000000	160000000
651	3	160000000	161000000
652	3	161000000	162000000
653	3	162000000	163000000
654	3	163000000	164000000
655	3	164000000	165000000
656	3	165000000	166000000
657	3	166000000	167000000
658	3	167000000	168000000
659	3	168000000	169000000
660	3	169000000	170000000
661	3	170000000	171000000
662	3	171000000	172000000
663	3	172000000	173000000
664	3	173000000	174000000
665	3	174000000	175000000
666	3	175000000	176000000
667	3	176000000	177000000
668	3	177000000	178000000
669	3	178000000	179000000
670	3	179000000	180000000
671	3	180000000	181000000
672	3	181000000	182000000
673	3	182000000	183000000
674	3	183000000	184000000
675	3	184000000	185000000
676	3	185000000	186000000
677	3	186000000	187000000
678	3	187000000	188000000
679	3	188000000	189000000
680	3	189000000	190000000
681	3	190000000	191000000
682	3	191000000	192000000
683	3	192000000	193000000
684	3	193000000	194000000
685	3	194000000	195000000
686	3	195000000	196000000
687	3	196000000	197000000
688	3	197000000	198000000
689	3	198000000	199000000
690	3	199000000	200000000
691	4	0	1000000
692	4	1000000	2000000
693	4	2000000	3000000
694	4	3000000	4000000
695	4	4000000	5000000
696	4	5000000	6000000
697	4	6000000	7000000
698	4	7000000	8000000
699	4	8000000	9000000
700	4	9000000	10000000
701	4	10000000	11000000
702	4	11000000	12000000
703	4	12000000	13000000
704	4	13000000	14000000
705	4	14000000	15000000
706	4	15000000	16000000
707	4	16000000	17000000
708	4	17000000	18000000
709	4	18000000	19000000
710	4	19000000	20000000
711	4	20000000	21000000
712	4	21000000	22000000
713	4	22000000	23000000
714	4	23000000	24000000
715	4	24000000	25000000
716	4	25000000	26000000
717	4	26000000	27000000
718	4	27000000	28000000
719	4	28000000	29000000
720	4	29000000	30000000
721	4	30000000	31000000
722	4	31000000	32000000
723	4	32000000	33000000
724	4	33000000	34000000
725	4	34000000	35000000
726	4	35000000	36000000
727	4	36000000	37000000
728	4	37000000	38000000
729	4	38000000	39000000
730	4	39000000	40000000
731	4	40000000	41000000
732	4	41000000	42000000
733	4	42000000	43000000
734	4	43000000	44000000
735	4	44000000	45000000
736	4	45000000	46000000
737	4	46000000	47000000
738	4	47000000	48000000
739	4	48000000	49000000
740	4	49000000	50000000
743	4	52000000	53000000
744	4	53000000	54000000
745	4	54000000	55000000
746	4	55000000	56000000
747	4	56000000	57000000
748	4	57000000	58000000
749	4	58000000	59000000
750	4	59000000	60000000
751	4	60000000	61000000
752	4	61000000	62000000
753	4	62000000	63000000
754	4	63000000	64000000
755	4	64000000	65000000
756	4	65000000	66000000
757	4	66000000	67000000
758	4	67000000	68000000
759	4	68000000	69000000
760	4	69000000	70000000
761	4	70000000	71000000
762	4	71000000	72000000
763	4	72000000	73000000
764	4	73000000	74000000
765	4	74000000	75000000
766	4	75000000	76000000
767	4	76000000	77000000
768	4	77000000	78000000
769	4	78000000	79000000
770	4	79000000	80000000
771	4	80000000	81000000
772	4	81000000	82000000
773	4	82000000	83000000
774	4	83000000	84000000
775	4	84000000	85000000
776	4	85000000	86000000
777	4	86000000	87000000
778	4	87000000	88000000
779	4	88000000	89000000
780	4	89000000	90000000
781	4	90000000	91000000
782	4	91000000	92000000
783	4	92000000	93000000
784	4	93000000	94000000
785	4	94000000	95000000
786	4	95000000	96000000
787	4	96000000	97000000
788	4	97000000	98000000
789	4	98000000	99000000
790	4	99000000	100000000
791	4	100000000	101000000
792	4	101000000	102000000
793	4	102000000	103000000
794	4	103000000	104000000
795	4	104000000	105000000
796	4	105000000	106000000
797	4	106000000	107000000
798	4	107000000	108000000
799	4	108000000	109000000
800	4	109000000	110000000
801	4	110000000	111000000
802	4	111000000	112000000
803	4	112000000	113000000
804	4	113000000	114000000
805	4	114000000	115000000
806	4	115000000	116000000
807	4	116000000	117000000
808	4	117000000	118000000
809	4	118000000	119000000
810	4	119000000	120000000
811	4	120000000	121000000
812	4	121000000	122000000
813	4	122000000	123000000
814	4	123000000	124000000
815	4	124000000	125000000
816	4	125000000	126000000
817	4	126000000	127000000
818	4	127000000	128000000
819	4	128000000	129000000
820	4	129000000	130000000
821	4	130000000	131000000
822	4	131000000	132000000
823	4	132000000	133000000
824	4	133000000	134000000
825	4	134000000	135000000
826	4	135000000	136000000
827	4	136000000	137000000
828	4	137000000	138000000
829	4	138000000	139000000
830	4	139000000	140000000
831	4	140000000	141000000
832	4	141000000	142000000
833	4	142000000	143000000
834	4	143000000	144000000
835	4	144000000	145000000
836	4	145000000	146000000
837	4	146000000	147000000
838	4	147000000	148000000
839	4	148000000	149000000
840	4	149000000	150000000
841	4	150000000	151000000
842	4	151000000	152000000
843	4	152000000	153000000
844	4	153000000	154000000
845	4	154000000	155000000
846	4	155000000	156000000
847	4	156000000	157000000
848	4	157000000	158000000
849	4	158000000	159000000
850	4	159000000	160000000
851	4	160000000	161000000
852	4	161000000	162000000
853	4	162000000	163000000
854	4	163000000	164000000
855	4	164000000	165000000
856	4	165000000	166000000
857	4	166000000	167000000
858	4	167000000	168000000
859	4	168000000	169000000
860	4	169000000	170000000
861	4	170000000	171000000
862	4	171000000	172000000
863	4	172000000	173000000
864	4	173000000	174000000
865	4	174000000	175000000
866	4	175000000	176000000
867	4	176000000	177000000
868	4	177000000	178000000
869	4	178000000	179000000
870	4	179000000	180000000
871	4	180000000	181000000
872	4	181000000	182000000
873	4	182000000	183000000
874	4	183000000	184000000
875	4	184000000	185000000
876	4	185000000	186000000
877	4	186000000	187000000
878	4	187000000	188000000
879	4	188000000	189000000
880	4	189000000	190000000
881	4	190000000	191000000
882	4	191000000	192000000
883	5	0	1000000
884	5	1000000	2000000
885	5	2000000	3000000
886	5	3000000	4000000
887	5	4000000	5000000
888	5	5000000	6000000
889	5	6000000	7000000
890	5	7000000	8000000
891	5	8000000	9000000
892	5	9000000	10000000
893	5	10000000	11000000
894	5	11000000	12000000
895	5	12000000	13000000
896	5	13000000	14000000
897	5	14000000	15000000
898	5	15000000	16000000
899	5	16000000	17000000
900	5	17000000	18000000
901	5	18000000	19000000
902	5	19000000	20000000
903	5	20000000	21000000
904	5	21000000	22000000
905	5	22000000	23000000
906	5	23000000	24000000
907	5	24000000	25000000
908	5	25000000	26000000
909	5	26000000	27000000
910	5	27000000	28000000
911	5	28000000	29000000
912	5	29000000	30000000
913	5	30000000	31000000
914	5	31000000	32000000
915	5	32000000	33000000
916	5	33000000	34000000
917	5	34000000	35000000
918	5	35000000	36000000
919	5	36000000	37000000
920	5	37000000	38000000
921	5	38000000	39000000
922	5	39000000	40000000
923	5	40000000	41000000
924	5	41000000	42000000
925	5	42000000	43000000
926	5	43000000	44000000
927	5	44000000	45000000
928	5	45000000	46000000
929	5	46000000	47000000
932	5	49000000	50000000
933	5	50000000	51000000
934	5	51000000	52000000
935	5	52000000	53000000
936	5	53000000	54000000
937	5	54000000	55000000
938	5	55000000	56000000
939	5	56000000	57000000
940	5	57000000	58000000
941	5	58000000	59000000
942	5	59000000	60000000
943	5	60000000	61000000
944	5	61000000	62000000
945	5	62000000	63000000
946	5	63000000	64000000
947	5	64000000	65000000
948	5	65000000	66000000
949	5	66000000	67000000
950	5	67000000	68000000
951	5	68000000	69000000
952	5	69000000	70000000
953	5	70000000	71000000
954	5	71000000	72000000
955	5	72000000	73000000
956	5	73000000	74000000
957	5	74000000	75000000
958	5	75000000	76000000
959	5	76000000	77000000
960	5	77000000	78000000
961	5	78000000	79000000
962	5	79000000	80000000
963	5	80000000	81000000
964	5	81000000	82000000
965	5	82000000	83000000
966	5	83000000	84000000
967	5	84000000	85000000
968	5	85000000	86000000
969	5	86000000	87000000
970	5	87000000	88000000
971	5	88000000	89000000
972	5	89000000	90000000
973	5	90000000	91000000
974	5	91000000	92000000
975	5	92000000	93000000
976	5	93000000	94000000
977	5	94000000	95000000
978	5	95000000	96000000
979	5	96000000	97000000
980	5	97000000	98000000
981	5	98000000	99000000
982	5	99000000	100000000
983	5	100000000	101000000
984	5	101000000	102000000
985	5	102000000	103000000
986	5	103000000	104000000
987	5	104000000	105000000
988	5	105000000	106000000
989	5	106000000	107000000
990	5	107000000	108000000
991	5	108000000	109000000
992	5	109000000	110000000
993	5	110000000	111000000
994	5	111000000	112000000
995	5	112000000	113000000
996	5	113000000	114000000
997	5	114000000	115000000
998	5	115000000	116000000
999	5	116000000	117000000
1000	5	117000000	118000000
1001	5	118000000	119000000
1002	5	119000000	120000000
1003	5	120000000	121000000
1004	5	121000000	122000000
1005	5	122000000	123000000
1006	5	123000000	124000000
1007	5	124000000	125000000
1008	5	125000000	126000000
1009	5	126000000	127000000
1010	5	127000000	128000000
1011	5	128000000	129000000
1012	5	129000000	130000000
1013	5	130000000	131000000
1014	5	131000000	132000000
1015	5	132000000	133000000
1016	5	133000000	134000000
1017	5	134000000	135000000
1018	5	135000000	136000000
1019	5	136000000	137000000
1020	5	137000000	138000000
1021	5	138000000	139000000
1022	5	139000000	140000000
1023	5	140000000	141000000
1024	5	141000000	142000000
1025	5	142000000	143000000
1026	5	143000000	144000000
1027	5	144000000	145000000
1028	5	145000000	146000000
1029	5	146000000	147000000
1030	5	147000000	148000000
1031	5	148000000	149000000
1032	5	149000000	150000000
1033	5	150000000	151000000
1034	5	151000000	152000000
1035	5	152000000	153000000
1036	5	153000000	154000000
1037	5	154000000	155000000
1038	5	155000000	156000000
1039	5	156000000	157000000
1040	5	157000000	158000000
1041	5	158000000	159000000
1042	5	159000000	160000000
1043	5	160000000	161000000
1044	5	161000000	162000000
1045	5	162000000	163000000
1046	5	163000000	164000000
1047	5	164000000	165000000
1048	5	165000000	166000000
1049	5	166000000	167000000
1050	5	167000000	168000000
1051	5	168000000	169000000
1052	5	169000000	170000000
1053	5	170000000	171000000
1054	5	171000000	172000000
1055	5	172000000	173000000
1056	5	173000000	174000000
1057	5	174000000	175000000
1058	5	175000000	176000000
1059	5	176000000	177000000
1060	5	177000000	178000000
1061	5	178000000	179000000
1062	5	179000000	180000000
1063	5	180000000	181000000
1064	6	0	1000000
1065	6	1000000	2000000
1066	6	2000000	3000000
1067	6	3000000	4000000
1068	6	4000000	5000000
1069	6	5000000	6000000
1070	6	6000000	7000000
1071	6	7000000	8000000
1072	6	8000000	9000000
1073	6	9000000	10000000
1074	6	10000000	11000000
1075	6	11000000	12000000
1076	6	12000000	13000000
1077	6	13000000	14000000
1078	6	14000000	15000000
1079	6	15000000	16000000
1080	6	16000000	17000000
1081	6	17000000	18000000
1082	6	18000000	19000000
1083	6	19000000	20000000
1084	6	20000000	21000000
1085	6	21000000	22000000
1086	6	22000000	23000000
1087	6	23000000	24000000
1088	6	24000000	25000000
1089	6	25000000	26000000
1090	6	26000000	27000000
1091	6	27000000	28000000
1092	6	28000000	29000000
1093	6	29000000	30000000
1094	6	30000000	31000000
1095	6	31000000	32000000
1096	6	32000000	33000000
1097	6	33000000	34000000
1098	6	34000000	35000000
1099	6	35000000	36000000
1100	6	36000000	37000000
1101	6	37000000	38000000
1102	6	38000000	39000000
1103	6	39000000	40000000
1104	6	40000000	41000000
1105	6	41000000	42000000
1106	6	42000000	43000000
1107	6	43000000	44000000
1108	6	44000000	45000000
1109	6	45000000	46000000
1110	6	46000000	47000000
1111	6	47000000	48000000
1112	6	48000000	49000000
1113	6	49000000	50000000
1114	6	50000000	51000000
1115	6	51000000	52000000
1116	6	52000000	53000000
1117	6	53000000	54000000
1118	6	54000000	55000000
1119	6	55000000	56000000
1120	6	56000000	57000000
1121	6	57000000	58000000
1122	6	58000000	59000000
1125	6	61000000	62000000
1126	6	62000000	63000000
1127	6	63000000	64000000
1128	6	64000000	65000000
1129	6	65000000	66000000
1130	6	66000000	67000000
1131	6	67000000	68000000
1132	6	68000000	69000000
1133	6	69000000	70000000
1134	6	70000000	71000000
1135	6	71000000	72000000
1136	6	72000000	73000000
1137	6	73000000	74000000
1138	6	74000000	75000000
1139	6	75000000	76000000
1140	6	76000000	77000000
1141	6	77000000	78000000
1142	6	78000000	79000000
1143	6	79000000	80000000
1144	6	80000000	81000000
1145	6	81000000	82000000
1146	6	82000000	83000000
1147	6	83000000	84000000
1148	6	84000000	85000000
1149	6	85000000	86000000
1150	6	86000000	87000000
1151	6	87000000	88000000
1152	6	88000000	89000000
1153	6	89000000	90000000
1154	6	90000000	91000000
1155	6	91000000	92000000
1156	6	92000000	93000000
1157	6	93000000	94000000
1158	6	94000000	95000000
1159	6	95000000	96000000
1160	6	96000000	97000000
1161	6	97000000	98000000
1162	6	98000000	99000000
1163	6	99000000	100000000
1164	6	100000000	101000000
1165	6	101000000	102000000
1166	6	102000000	103000000
1167	6	103000000	104000000
1168	6	104000000	105000000
1169	6	105000000	106000000
1170	6	106000000	107000000
1171	6	107000000	108000000
1172	6	108000000	109000000
1173	6	109000000	110000000
1174	6	110000000	111000000
1175	6	111000000	112000000
1176	6	112000000	113000000
1177	6	113000000	114000000
1178	6	114000000	115000000
1179	6	115000000	116000000
1180	6	116000000	117000000
1181	6	117000000	118000000
1182	6	118000000	119000000
1183	6	119000000	120000000
1184	6	120000000	121000000
1185	6	121000000	122000000
1186	6	122000000	123000000
1187	6	123000000	124000000
1188	6	124000000	125000000
1189	6	125000000	126000000
1190	6	126000000	127000000
1191	6	127000000	128000000
1192	6	128000000	129000000
1193	6	129000000	130000000
1194	6	130000000	131000000
1195	6	131000000	132000000
1196	6	132000000	133000000
1197	6	133000000	134000000
1198	6	134000000	135000000
1199	6	135000000	136000000
1200	6	136000000	137000000
1201	6	137000000	138000000
1202	6	138000000	139000000
1203	6	139000000	140000000
1204	6	140000000	141000000
1205	6	141000000	142000000
1206	6	142000000	143000000
1207	6	143000000	144000000
1208	6	144000000	145000000
1209	6	145000000	146000000
1210	6	146000000	147000000
1211	6	147000000	148000000
1212	6	148000000	149000000
1213	6	149000000	150000000
1214	6	150000000	151000000
1215	6	151000000	152000000
1216	6	152000000	153000000
1217	6	153000000	154000000
1218	6	154000000	155000000
1219	6	155000000	156000000
1220	6	156000000	157000000
1221	6	157000000	158000000
1222	6	158000000	159000000
1223	6	159000000	160000000
1224	6	160000000	161000000
1225	6	161000000	162000000
1226	6	162000000	163000000
1227	6	163000000	164000000
1228	6	164000000	165000000
1229	6	165000000	166000000
1230	6	166000000	167000000
1231	6	167000000	168000000
1232	6	168000000	169000000
1233	6	169000000	170000000
1234	6	170000000	171000000
1235	7	0	1000000
1236	7	1000000	2000000
1237	7	2000000	3000000
1238	7	3000000	4000000
1239	7	4000000	5000000
1240	7	5000000	6000000
1241	7	6000000	7000000
1242	7	7000000	8000000
1243	7	8000000	9000000
1244	7	9000000	10000000
1245	7	10000000	11000000
1246	7	11000000	12000000
1247	7	12000000	13000000
1248	7	13000000	14000000
1249	7	14000000	15000000
1250	7	15000000	16000000
1251	7	16000000	17000000
1252	7	17000000	18000000
1253	7	18000000	19000000
1254	7	19000000	20000000
1255	7	20000000	21000000
1256	7	21000000	22000000
1257	7	22000000	23000000
1258	7	23000000	24000000
1259	7	24000000	25000000
1260	7	25000000	26000000
1261	7	26000000	27000000
1262	7	27000000	28000000
1263	7	28000000	29000000
1264	7	29000000	30000000
1265	7	30000000	31000000
1266	7	31000000	32000000
1267	7	32000000	33000000
1268	7	33000000	34000000
1269	7	34000000	35000000
1270	7	35000000	36000000
1271	7	36000000	37000000
1272	7	37000000	38000000
1273	7	38000000	39000000
1274	7	39000000	40000000
1275	7	40000000	41000000
1276	7	41000000	42000000
1277	7	42000000	43000000
1278	7	43000000	44000000
1279	7	44000000	45000000
1280	7	45000000	46000000
1281	7	46000000	47000000
1282	7	47000000	48000000
1283	7	48000000	49000000
1284	7	49000000	50000000
1285	7	50000000	51000000
1286	7	51000000	52000000
1287	7	52000000	53000000
1288	7	53000000	54000000
1289	7	54000000	55000000
1290	7	55000000	56000000
1291	7	56000000	57000000
1292	7	57000000	58000000
1293	7	58000000	59000000
1296	7	61000000	62000000
1297	7	62000000	63000000
1298	7	63000000	64000000
1299	7	64000000	65000000
1300	7	65000000	66000000
1301	7	66000000	67000000
1302	7	67000000	68000000
1303	7	68000000	69000000
1304	7	69000000	70000000
1305	7	70000000	71000000
1306	7	71000000	72000000
1307	7	72000000	73000000
1308	7	73000000	74000000
1309	7	74000000	75000000
1310	7	75000000	76000000
1311	7	76000000	77000000
1312	7	77000000	78000000
1313	7	78000000	79000000
1314	7	79000000	80000000
1315	7	80000000	81000000
1316	7	81000000	82000000
1317	7	82000000	83000000
1318	7	83000000	84000000
1319	7	84000000	85000000
1320	7	85000000	86000000
1321	7	86000000	87000000
1322	7	87000000	88000000
1323	7	88000000	89000000
1324	7	89000000	90000000
1325	7	90000000	91000000
1326	7	91000000	92000000
1327	7	92000000	93000000
1328	7	93000000	94000000
1329	7	94000000	95000000
1330	7	95000000	96000000
1331	7	96000000	97000000
1332	7	97000000	98000000
1333	7	98000000	99000000
1334	7	99000000	100000000
1335	7	100000000	101000000
1336	7	101000000	102000000
1337	7	102000000	103000000
1338	7	103000000	104000000
1339	7	104000000	105000000
1340	7	105000000	106000000
1341	7	106000000	107000000
1342	7	107000000	108000000
1343	7	108000000	109000000
1344	7	109000000	110000000
1345	7	110000000	111000000
1346	7	111000000	112000000
1347	7	112000000	113000000
1348	7	113000000	114000000
1349	7	114000000	115000000
1350	7	115000000	116000000
1351	7	116000000	117000000
1352	7	117000000	118000000
1353	7	118000000	119000000
1354	7	119000000	120000000
1355	7	120000000	121000000
1356	7	121000000	122000000
1357	7	122000000	123000000
1358	7	123000000	124000000
1359	7	124000000	125000000
1360	7	125000000	126000000
1361	7	126000000	127000000
1362	7	127000000	128000000
1363	7	128000000	129000000
1364	7	129000000	130000000
1365	7	130000000	131000000
1366	7	131000000	132000000
1367	7	132000000	133000000
1368	7	133000000	134000000
1369	7	134000000	135000000
1370	7	135000000	136000000
1371	7	136000000	137000000
1372	7	137000000	138000000
1373	7	138000000	139000000
1374	7	139000000	140000000
1375	7	140000000	141000000
1376	7	141000000	142000000
1377	7	142000000	143000000
1378	7	143000000	144000000
1379	7	144000000	145000000
1380	7	145000000	146000000
1381	7	146000000	147000000
1382	7	147000000	148000000
1383	7	148000000	149000000
1384	7	149000000	150000000
1385	7	150000000	151000000
1386	7	151000000	152000000
1387	7	152000000	153000000
1388	7	153000000	154000000
1389	7	154000000	155000000
1390	7	155000000	156000000
1391	7	156000000	157000000
1392	7	157000000	158000000
1393	7	158000000	159000000
1394	8	0	1000000
1395	8	1000000	2000000
1396	8	2000000	3000000
1397	8	3000000	4000000
1398	8	4000000	5000000
1399	8	5000000	6000000
1400	8	6000000	7000000
1401	8	7000000	8000000
1402	8	8000000	9000000
1403	8	9000000	10000000
1404	8	10000000	11000000
1405	8	11000000	12000000
1406	8	12000000	13000000
1407	8	13000000	14000000
1408	8	14000000	15000000
1409	8	15000000	16000000
1410	8	16000000	17000000
1411	8	17000000	18000000
1412	8	18000000	19000000
1413	8	19000000	20000000
1414	8	20000000	21000000
1415	8	21000000	22000000
1416	8	22000000	23000000
1417	8	23000000	24000000
1418	8	24000000	25000000
1419	8	25000000	26000000
1420	8	26000000	27000000
1421	8	27000000	28000000
1422	8	28000000	29000000
1423	8	29000000	30000000
1424	8	30000000	31000000
1425	8	31000000	32000000
1426	8	32000000	33000000
1427	8	33000000	34000000
1428	8	34000000	35000000
1429	8	35000000	36000000
1430	8	36000000	37000000
1431	8	37000000	38000000
1432	8	38000000	39000000
1433	8	39000000	40000000
1434	8	40000000	41000000
1435	8	41000000	42000000
1436	8	42000000	43000000
1437	8	43000000	44000000
1440	8	46000000	47000000
1441	8	47000000	48000000
1442	8	48000000	49000000
1443	8	49000000	50000000
1444	8	50000000	51000000
1445	8	51000000	52000000
1446	8	52000000	53000000
1447	8	53000000	54000000
1448	8	54000000	55000000
1449	8	55000000	56000000
1450	8	56000000	57000000
1451	8	57000000	58000000
1452	8	58000000	59000000
1453	8	59000000	60000000
1454	8	60000000	61000000
1455	8	61000000	62000000
1456	8	62000000	63000000
1457	8	63000000	64000000
1458	8	64000000	65000000
1459	8	65000000	66000000
1460	8	66000000	67000000
1461	8	67000000	68000000
1462	8	68000000	69000000
1463	8	69000000	70000000
1464	8	70000000	71000000
1465	8	71000000	72000000
1466	8	72000000	73000000
1467	8	73000000	74000000
1468	8	74000000	75000000
1469	8	75000000	76000000
1470	8	76000000	77000000
1471	8	77000000	78000000
1472	8	78000000	79000000
1473	8	79000000	80000000
1474	8	80000000	81000000
1475	8	81000000	82000000
1476	8	82000000	83000000
1477	8	83000000	84000000
1478	8	84000000	85000000
1479	8	85000000	86000000
1480	8	86000000	87000000
1481	8	87000000	88000000
1482	8	88000000	89000000
1483	8	89000000	90000000
1484	8	90000000	91000000
1485	8	91000000	92000000
1486	8	92000000	93000000
1487	8	93000000	94000000
1488	8	94000000	95000000
1489	8	95000000	96000000
1490	8	96000000	97000000
1491	8	97000000	98000000
1492	8	98000000	99000000
1493	8	99000000	100000000
1494	8	100000000	101000000
1495	8	101000000	102000000
1496	8	102000000	103000000
1497	8	103000000	104000000
1498	8	104000000	105000000
1499	8	105000000	106000000
1500	8	106000000	107000000
1501	8	107000000	108000000
1502	8	108000000	109000000
1503	8	109000000	110000000
1504	8	110000000	111000000
1505	8	111000000	112000000
1506	8	112000000	113000000
1507	8	113000000	114000000
1508	8	114000000	115000000
1509	8	115000000	116000000
1510	8	116000000	117000000
1511	8	117000000	118000000
1512	8	118000000	119000000
1513	8	119000000	120000000
1514	8	120000000	121000000
1515	8	121000000	122000000
1516	8	122000000	123000000
1517	8	123000000	124000000
1518	8	124000000	125000000
1519	8	125000000	126000000
1520	8	126000000	127000000
1521	8	127000000	128000000
1522	8	128000000	129000000
1523	8	129000000	130000000
1524	8	130000000	131000000
1525	8	131000000	132000000
1526	8	132000000	133000000
1527	8	133000000	134000000
1528	8	134000000	135000000
1529	8	135000000	136000000
1530	8	136000000	137000000
1531	8	137000000	138000000
1532	8	138000000	139000000
1533	8	139000000	140000000
1534	8	140000000	141000000
1535	8	141000000	142000000
1536	8	142000000	143000000
1537	8	143000000	144000000
1538	8	144000000	145000000
1539	8	145000000	146000000
1540	8	146000000	147000000
1541	9	0	1000000
1542	9	1000000	2000000
1543	9	2000000	3000000
1544	9	3000000	4000000
1545	9	4000000	5000000
1546	9	5000000	6000000
1547	9	6000000	7000000
1548	9	7000000	8000000
1549	9	8000000	9000000
1550	9	9000000	10000000
1551	9	10000000	11000000
1552	9	11000000	12000000
1553	9	12000000	13000000
1554	9	13000000	14000000
1555	9	14000000	15000000
1556	9	15000000	16000000
1557	9	16000000	17000000
1558	9	17000000	18000000
1559	9	18000000	19000000
1560	9	19000000	20000000
1561	9	20000000	21000000
1562	9	21000000	22000000
1563	9	22000000	23000000
1564	9	23000000	24000000
1565	9	24000000	25000000
1566	9	25000000	26000000
1567	9	26000000	27000000
1568	9	27000000	28000000
1569	9	28000000	29000000
1570	9	29000000	30000000
1571	9	30000000	31000000
1572	9	31000000	32000000
1573	9	32000000	33000000
1574	9	33000000	34000000
1575	9	34000000	35000000
1576	9	35000000	36000000
1577	9	36000000	37000000
1578	9	37000000	38000000
1579	9	38000000	39000000
1580	9	39000000	40000000
1581	9	40000000	41000000
1582	9	41000000	42000000
1583	9	42000000	43000000
1584	9	43000000	44000000
1585	9	44000000	45000000
1586	9	45000000	46000000
1587	9	46000000	47000000
1588	9	47000000	48000000
1606	9	65000000	66000000
1607	9	66000000	67000000
1608	9	67000000	68000000
1609	9	68000000	69000000
1610	9	69000000	70000000
1611	9	70000000	71000000
1612	9	71000000	72000000
1613	9	72000000	73000000
1614	9	73000000	74000000
1615	9	74000000	75000000
1616	9	75000000	76000000
1617	9	76000000	77000000
1618	9	77000000	78000000
1619	9	78000000	79000000
1620	9	79000000	80000000
1621	9	80000000	81000000
1622	9	81000000	82000000
1623	9	82000000	83000000
1624	9	83000000	84000000
1625	9	84000000	85000000
1626	9	85000000	86000000
1627	9	86000000	87000000
1628	9	87000000	88000000
1629	9	88000000	89000000
1630	9	89000000	90000000
1631	9	90000000	91000000
1632	9	91000000	92000000
1633	9	92000000	93000000
1634	9	93000000	94000000
1635	9	94000000	95000000
1636	9	95000000	96000000
1637	9	96000000	97000000
1638	9	97000000	98000000
1639	9	98000000	99000000
1640	9	99000000	100000000
1641	9	100000000	101000000
1642	9	101000000	102000000
1643	9	102000000	103000000
1644	9	103000000	104000000
1645	9	104000000	105000000
1646	9	105000000	106000000
1647	9	106000000	107000000
1648	9	107000000	108000000
1649	9	108000000	109000000
1650	9	109000000	110000000
1651	9	110000000	111000000
1652	9	111000000	112000000
1653	9	112000000	113000000
1654	9	113000000	114000000
1655	9	114000000	115000000
1656	9	115000000	116000000
1657	9	116000000	117000000
1658	9	117000000	118000000
1659	9	118000000	119000000
1660	9	119000000	120000000
1661	9	120000000	121000000
1662	9	121000000	122000000
1663	9	122000000	123000000
1664	9	123000000	124000000
1665	9	124000000	125000000
1666	9	125000000	126000000
1667	9	126000000	127000000
1668	9	127000000	128000000
1669	9	128000000	129000000
1670	9	129000000	130000000
1671	9	130000000	131000000
1672	9	131000000	132000000
1673	9	132000000	133000000
1674	9	133000000	134000000
1675	9	134000000	135000000
1676	9	135000000	136000000
1677	9	136000000	137000000
1678	9	137000000	138000000
1679	9	138000000	139000000
1680	9	139000000	140000000
1681	9	140000000	141000000
1682	10	0	1000000
1683	10	1000000	2000000
1684	10	2000000	3000000
1685	10	3000000	4000000
1686	10	4000000	5000000
1687	10	5000000	6000000
1688	10	6000000	7000000
1689	10	7000000	8000000
1690	10	8000000	9000000
1691	10	9000000	10000000
1692	10	10000000	11000000
1693	10	11000000	12000000
1694	10	12000000	13000000
1695	10	13000000	14000000
1696	10	14000000	15000000
1697	10	15000000	16000000
1698	10	16000000	17000000
1699	10	17000000	18000000
1700	10	18000000	19000000
1701	10	19000000	20000000
1702	10	20000000	21000000
1703	10	21000000	22000000
1704	10	22000000	23000000
1705	10	23000000	24000000
1706	10	24000000	25000000
1707	10	25000000	26000000
1708	10	26000000	27000000
1709	10	27000000	28000000
1710	10	28000000	29000000
1711	10	29000000	30000000
1712	10	30000000	31000000
1713	10	31000000	32000000
1714	10	32000000	33000000
1715	10	33000000	34000000
1716	10	34000000	35000000
1717	10	35000000	36000000
1718	10	36000000	37000000
1719	10	37000000	38000000
1720	10	38000000	39000000
1721	10	39000000	40000000
1723	10	41000000	42000000
1724	10	42000000	43000000
1725	10	43000000	44000000
1726	10	44000000	45000000
1727	10	45000000	46000000
1728	10	46000000	47000000
1729	10	47000000	48000000
1730	10	48000000	49000000
1731	10	49000000	50000000
1732	10	50000000	51000000
1733	10	51000000	52000000
1734	10	52000000	53000000
1735	10	53000000	54000000
1736	10	54000000	55000000
1737	10	55000000	56000000
1738	10	56000000	57000000
1739	10	57000000	58000000
1740	10	58000000	59000000
1741	10	59000000	60000000
1742	10	60000000	61000000
1743	10	61000000	62000000
1744	10	62000000	63000000
1745	10	63000000	64000000
1746	10	64000000	65000000
1747	10	65000000	66000000
1748	10	66000000	67000000
1749	10	67000000	68000000
1750	10	68000000	69000000
1751	10	69000000	70000000
1752	10	70000000	71000000
1753	10	71000000	72000000
1754	10	72000000	73000000
1755	10	73000000	74000000
1756	10	74000000	75000000
1757	10	75000000	76000000
1758	10	76000000	77000000
1759	10	77000000	78000000
1760	10	78000000	79000000
1761	10	79000000	80000000
1762	10	80000000	81000000
1763	10	81000000	82000000
1764	10	82000000	83000000
1765	10	83000000	84000000
1766	10	84000000	85000000
1767	10	85000000	86000000
1768	10	86000000	87000000
1769	10	87000000	88000000
1770	10	88000000	89000000
1771	10	89000000	90000000
1772	10	90000000	91000000
1773	10	91000000	92000000
1774	10	92000000	93000000
1775	10	93000000	94000000
1776	10	94000000	95000000
1777	10	95000000	96000000
1778	10	96000000	97000000
1779	10	97000000	98000000
1780	10	98000000	99000000
1781	10	99000000	100000000
1782	10	100000000	101000000
1783	10	101000000	102000000
1784	10	102000000	103000000
1785	10	103000000	104000000
1786	10	104000000	105000000
1787	10	105000000	106000000
1788	10	106000000	107000000
1789	10	107000000	108000000
1790	10	108000000	109000000
1791	10	109000000	110000000
1792	10	110000000	111000000
1793	10	111000000	112000000
1794	10	112000000	113000000
1795	10	113000000	114000000
1796	10	114000000	115000000
1797	10	115000000	116000000
1798	10	116000000	117000000
1799	10	117000000	118000000
1800	10	118000000	119000000
1801	10	119000000	120000000
1802	10	120000000	121000000
1803	10	121000000	122000000
1804	10	122000000	123000000
1805	10	123000000	124000000
1806	10	124000000	125000000
1807	10	125000000	126000000
1808	10	126000000	127000000
1809	10	127000000	128000000
1810	10	128000000	129000000
1811	10	129000000	130000000
1812	10	130000000	131000000
1813	10	131000000	132000000
1814	10	132000000	133000000
1815	10	133000000	134000000
1816	10	134000000	135000000
1817	10	135000000	136000000
1818	11	0	1000000
1819	11	1000000	2000000
1820	11	2000000	3000000
1821	11	3000000	4000000
1822	11	4000000	5000000
1823	11	5000000	6000000
1824	11	6000000	7000000
1825	11	7000000	8000000
1826	11	8000000	9000000
1827	11	9000000	10000000
1828	11	10000000	11000000
1829	11	11000000	12000000
1830	11	12000000	13000000
1831	11	13000000	14000000
1832	11	14000000	15000000
1833	11	15000000	16000000
1834	11	16000000	17000000
1835	11	17000000	18000000
1836	11	18000000	19000000
1837	11	19000000	20000000
1838	11	20000000	21000000
1839	11	21000000	22000000
1840	11	22000000	23000000
1841	11	23000000	24000000
1842	11	24000000	25000000
1843	11	25000000	26000000
1844	11	26000000	27000000
1845	11	27000000	28000000
1846	11	28000000	29000000
1847	11	29000000	30000000
1848	11	30000000	31000000
1849	11	31000000	32000000
1850	11	32000000	33000000
1851	11	33000000	34000000
1852	11	34000000	35000000
1853	11	35000000	36000000
1854	11	36000000	37000000
1855	11	37000000	38000000
1856	11	38000000	39000000
1857	11	39000000	40000000
1858	11	40000000	41000000
1859	11	41000000	42000000
1860	11	42000000	43000000
1861	11	43000000	44000000
1862	11	44000000	45000000
1863	11	45000000	46000000
1864	11	46000000	47000000
1865	11	47000000	48000000
1866	11	48000000	49000000
1867	11	49000000	50000000
1868	11	50000000	51000000
1869	11	51000000	52000000
1872	11	54000000	55000000
1873	11	55000000	56000000
1874	11	56000000	57000000
1875	11	57000000	58000000
1876	11	58000000	59000000
1877	11	59000000	60000000
1878	11	60000000	61000000
1879	11	61000000	62000000
1880	11	62000000	63000000
1881	11	63000000	64000000
1882	11	64000000	65000000
1883	11	65000000	66000000
1884	11	66000000	67000000
1885	11	67000000	68000000
1886	11	68000000	69000000
1887	11	69000000	70000000
1888	11	70000000	71000000
1889	11	71000000	72000000
1890	11	72000000	73000000
1891	11	73000000	74000000
1892	11	74000000	75000000
1893	11	75000000	76000000
1894	11	76000000	77000000
1895	11	77000000	78000000
1896	11	78000000	79000000
1897	11	79000000	80000000
1898	11	80000000	81000000
1899	11	81000000	82000000
1900	11	82000000	83000000
1901	11	83000000	84000000
1902	11	84000000	85000000
1903	11	85000000	86000000
1904	11	86000000	87000000
1905	11	87000000	88000000
1906	11	88000000	89000000
1907	11	89000000	90000000
1908	11	90000000	91000000
1909	11	91000000	92000000
1910	11	92000000	93000000
1911	11	93000000	94000000
1912	11	94000000	95000000
1913	11	95000000	96000000
1914	11	96000000	97000000
1915	11	97000000	98000000
1916	11	98000000	99000000
1917	11	99000000	100000000
1918	11	100000000	101000000
1919	11	101000000	102000000
1920	11	102000000	103000000
1921	11	103000000	104000000
1922	11	104000000	105000000
1923	11	105000000	106000000
1924	11	106000000	107000000
1925	11	107000000	108000000
1926	11	108000000	109000000
1927	11	109000000	110000000
1928	11	110000000	111000000
1929	11	111000000	112000000
1930	11	112000000	113000000
1931	11	113000000	114000000
1932	11	114000000	115000000
1933	11	115000000	116000000
1934	11	116000000	117000000
1935	11	117000000	118000000
1936	11	118000000	119000000
1937	11	119000000	120000000
1938	11	120000000	121000000
1939	11	121000000	122000000
1940	11	122000000	123000000
1941	11	123000000	124000000
1942	11	124000000	125000000
1943	11	125000000	126000000
1944	11	126000000	127000000
1945	11	127000000	128000000
1946	11	128000000	129000000
1947	11	129000000	130000000
1948	11	130000000	131000000
1949	11	131000000	132000000
1950	11	132000000	133000000
1951	11	133000000	134000000
1952	11	134000000	135000000
1953	12	0	1000000
1954	12	1000000	2000000
1955	12	2000000	3000000
1956	12	3000000	4000000
1957	12	4000000	5000000
1958	12	5000000	6000000
1959	12	6000000	7000000
1960	12	7000000	8000000
1961	12	8000000	9000000
1962	12	9000000	10000000
1963	12	10000000	11000000
1964	12	11000000	12000000
1965	12	12000000	13000000
1966	12	13000000	14000000
1967	12	14000000	15000000
1968	12	15000000	16000000
1969	12	16000000	17000000
1970	12	17000000	18000000
1971	12	18000000	19000000
1972	12	19000000	20000000
1973	12	20000000	21000000
1974	12	21000000	22000000
1975	12	22000000	23000000
1976	12	23000000	24000000
1977	12	24000000	25000000
1978	12	25000000	26000000
1979	12	26000000	27000000
1980	12	27000000	28000000
1981	12	28000000	29000000
1982	12	29000000	30000000
1983	12	30000000	31000000
1984	12	31000000	32000000
1985	12	32000000	33000000
1986	12	33000000	34000000
1987	12	34000000	35000000
1989	12	36000000	37000000
1990	12	37000000	38000000
1991	12	38000000	39000000
1992	12	39000000	40000000
1993	12	40000000	41000000
1994	12	41000000	42000000
1995	12	42000000	43000000
1996	12	43000000	44000000
1997	12	44000000	45000000
1998	12	45000000	46000000
1999	12	46000000	47000000
2000	12	47000000	48000000
2001	12	48000000	49000000
2002	12	49000000	50000000
2003	12	50000000	51000000
2004	12	51000000	52000000
2005	12	52000000	53000000
2006	12	53000000	54000000
2007	12	54000000	55000000
2008	12	55000000	56000000
2009	12	56000000	57000000
2010	12	57000000	58000000
2011	12	58000000	59000000
2012	12	59000000	60000000
2013	12	60000000	61000000
2014	12	61000000	62000000
2015	12	62000000	63000000
2016	12	63000000	64000000
2017	12	64000000	65000000
2018	12	65000000	66000000
2019	12	66000000	67000000
2020	12	67000000	68000000
2021	12	68000000	69000000
2022	12	69000000	70000000
2023	12	70000000	71000000
2024	12	71000000	72000000
2025	12	72000000	73000000
2026	12	73000000	74000000
2027	12	74000000	75000000
2028	12	75000000	76000000
2029	12	76000000	77000000
2030	12	77000000	78000000
2031	12	78000000	79000000
2032	12	79000000	80000000
2033	12	80000000	81000000
2034	12	81000000	82000000
2035	12	82000000	83000000
2036	12	83000000	84000000
2037	12	84000000	85000000
2038	12	85000000	86000000
2039	12	86000000	87000000
2040	12	87000000	88000000
2041	12	88000000	89000000
2042	12	89000000	90000000
2043	12	90000000	91000000
2044	12	91000000	92000000
2045	12	92000000	93000000
2046	12	93000000	94000000
2047	12	94000000	95000000
2048	12	95000000	96000000
2049	12	96000000	97000000
2050	12	97000000	98000000
2051	12	98000000	99000000
2052	12	99000000	100000000
2053	12	100000000	101000000
2054	12	101000000	102000000
2055	12	102000000	103000000
2056	12	103000000	104000000
2057	12	104000000	105000000
2058	12	105000000	106000000
2059	12	106000000	107000000
2060	12	107000000	108000000
2061	12	108000000	109000000
2062	12	109000000	110000000
2063	12	110000000	111000000
2064	12	111000000	112000000
2065	12	112000000	113000000
2066	12	113000000	114000000
2067	12	114000000	115000000
2068	12	115000000	116000000
2069	12	116000000	117000000
2070	12	117000000	118000000
2071	12	118000000	119000000
2072	12	119000000	120000000
2073	12	120000000	121000000
2074	12	121000000	122000000
2075	12	122000000	123000000
2076	12	123000000	124000000
2077	12	124000000	125000000
2078	12	125000000	126000000
2079	12	126000000	127000000
2080	12	127000000	128000000
2081	12	128000000	129000000
2082	12	129000000	130000000
2083	12	130000000	131000000
2084	12	131000000	132000000
2085	12	132000000	133000000
2103	13	17000000	18000000
2104	13	18000000	19000000
2105	13	19000000	20000000
2106	13	20000000	21000000
2107	13	21000000	22000000
2108	13	22000000	23000000
2109	13	23000000	24000000
2110	13	24000000	25000000
2111	13	25000000	26000000
2112	13	26000000	27000000
2113	13	27000000	28000000
2114	13	28000000	29000000
2115	13	29000000	30000000
2116	13	30000000	31000000
2117	13	31000000	32000000
2118	13	32000000	33000000
2119	13	33000000	34000000
2120	13	34000000	35000000
2121	13	35000000	36000000
2122	13	36000000	37000000
2123	13	37000000	38000000
2124	13	38000000	39000000
2125	13	39000000	40000000
2126	13	40000000	41000000
2127	13	41000000	42000000
2128	13	42000000	43000000
2129	13	43000000	44000000
2130	13	44000000	45000000
2131	13	45000000	46000000
2132	13	46000000	47000000
2133	13	47000000	48000000
2134	13	48000000	49000000
2135	13	49000000	50000000
2136	13	50000000	51000000
2137	13	51000000	52000000
2138	13	52000000	53000000
2139	13	53000000	54000000
2140	13	54000000	55000000
2141	13	55000000	56000000
2142	13	56000000	57000000
2143	13	57000000	58000000
2144	13	58000000	59000000
2145	13	59000000	60000000
2146	13	60000000	61000000
2147	13	61000000	62000000
2148	13	62000000	63000000
2149	13	63000000	64000000
2150	13	64000000	65000000
2151	13	65000000	66000000
2152	13	66000000	67000000
2153	13	67000000	68000000
2154	13	68000000	69000000
2155	13	69000000	70000000
2156	13	70000000	71000000
2157	13	71000000	72000000
2158	13	72000000	73000000
2159	13	73000000	74000000
2160	13	74000000	75000000
2161	13	75000000	76000000
2162	13	76000000	77000000
2163	13	77000000	78000000
2164	13	78000000	79000000
2165	13	79000000	80000000
2166	13	80000000	81000000
2167	13	81000000	82000000
2168	13	82000000	83000000
2169	13	83000000	84000000
2170	13	84000000	85000000
2171	13	85000000	86000000
2172	13	86000000	87000000
2173	13	87000000	88000000
2174	13	88000000	89000000
2175	13	89000000	90000000
2176	13	90000000	91000000
2177	13	91000000	92000000
2178	13	92000000	93000000
2179	13	93000000	94000000
2180	13	94000000	95000000
2181	13	95000000	96000000
2182	13	96000000	97000000
2183	13	97000000	98000000
2184	13	98000000	99000000
2185	13	99000000	100000000
2186	13	100000000	101000000
2187	13	101000000	102000000
2188	13	102000000	103000000
2189	13	103000000	104000000
2190	13	104000000	105000000
2191	13	105000000	106000000
2192	13	106000000	107000000
2193	13	107000000	108000000
2194	13	108000000	109000000
2195	13	109000000	110000000
2196	13	110000000	111000000
2197	13	111000000	112000000
2198	13	112000000	113000000
2199	13	113000000	114000000
2200	13	114000000	115000000
2219	14	18000000	19000000
2220	14	19000000	20000000
2221	14	20000000	21000000
2222	14	21000000	22000000
2223	14	22000000	23000000
2224	14	23000000	24000000
2225	14	24000000	25000000
2226	14	25000000	26000000
2227	14	26000000	27000000
2228	14	27000000	28000000
2229	14	28000000	29000000
2230	14	29000000	30000000
2231	14	30000000	31000000
2232	14	31000000	32000000
2233	14	32000000	33000000
2234	14	33000000	34000000
2235	14	34000000	35000000
2236	14	35000000	36000000
2237	14	36000000	37000000
2238	14	37000000	38000000
2239	14	38000000	39000000
2240	14	39000000	40000000
2241	14	40000000	41000000
2242	14	41000000	42000000
2243	14	42000000	43000000
2244	14	43000000	44000000
2245	14	44000000	45000000
2246	14	45000000	46000000
2247	14	46000000	47000000
2248	14	47000000	48000000
2249	14	48000000	49000000
2250	14	49000000	50000000
2251	14	50000000	51000000
2252	14	51000000	52000000
2253	14	52000000	53000000
2254	14	53000000	54000000
2255	14	54000000	55000000
2256	14	55000000	56000000
2257	14	56000000	57000000
2258	14	57000000	58000000
2259	14	58000000	59000000
2260	14	59000000	60000000
2261	14	60000000	61000000
2262	14	61000000	62000000
2263	14	62000000	63000000
2264	14	63000000	64000000
2265	14	64000000	65000000
2266	14	65000000	66000000
2267	14	66000000	67000000
2268	14	67000000	68000000
2269	14	68000000	69000000
2270	14	69000000	70000000
2271	14	70000000	71000000
2272	14	71000000	72000000
2273	14	72000000	73000000
2274	14	73000000	74000000
2275	14	74000000	75000000
2276	14	75000000	76000000
2277	14	76000000	77000000
2278	14	77000000	78000000
2279	14	78000000	79000000
2280	14	79000000	80000000
2281	14	80000000	81000000
2282	14	81000000	82000000
2283	14	82000000	83000000
2284	14	83000000	84000000
2285	14	84000000	85000000
2286	14	85000000	86000000
2287	14	86000000	87000000
2288	14	87000000	88000000
2289	14	88000000	89000000
2290	14	89000000	90000000
2291	14	90000000	91000000
2292	14	91000000	92000000
2293	14	92000000	93000000
2294	14	93000000	94000000
2295	14	94000000	95000000
2296	14	95000000	96000000
2297	14	96000000	97000000
2298	14	97000000	98000000
2299	14	98000000	99000000
2300	14	99000000	100000000
2301	14	100000000	101000000
2302	14	101000000	102000000
2303	14	102000000	103000000
2304	14	103000000	104000000
2305	14	104000000	105000000
2306	14	105000000	106000000
2307	14	106000000	107000000
2326	15	18000000	19000000
2327	15	19000000	20000000
2328	15	20000000	21000000
2329	15	21000000	22000000
2330	15	22000000	23000000
2331	15	23000000	24000000
2332	15	24000000	25000000
2333	15	25000000	26000000
2334	15	26000000	27000000
2335	15	27000000	28000000
2336	15	28000000	29000000
2337	15	29000000	30000000
2338	15	30000000	31000000
2339	15	31000000	32000000
2340	15	32000000	33000000
2341	15	33000000	34000000
2342	15	34000000	35000000
2343	15	35000000	36000000
2344	15	36000000	37000000
2345	15	37000000	38000000
2346	15	38000000	39000000
2347	15	39000000	40000000
2348	15	40000000	41000000
2349	15	41000000	42000000
2350	15	42000000	43000000
2351	15	43000000	44000000
2352	15	44000000	45000000
2353	15	45000000	46000000
2354	15	46000000	47000000
2355	15	47000000	48000000
2356	15	48000000	49000000
2357	15	49000000	50000000
2358	15	50000000	51000000
2359	15	51000000	52000000
2360	15	52000000	53000000
2361	15	53000000	54000000
2362	15	54000000	55000000
2363	15	55000000	56000000
2364	15	56000000	57000000
2365	15	57000000	58000000
2366	15	58000000	59000000
2367	15	59000000	60000000
2368	15	60000000	61000000
2369	15	61000000	62000000
2370	15	62000000	63000000
2371	15	63000000	64000000
2372	15	64000000	65000000
2373	15	65000000	66000000
2374	15	66000000	67000000
2375	15	67000000	68000000
2376	15	68000000	69000000
2377	15	69000000	70000000
2378	15	70000000	71000000
2379	15	71000000	72000000
2380	15	72000000	73000000
2381	15	73000000	74000000
2382	15	74000000	75000000
2383	15	75000000	76000000
2384	15	76000000	77000000
2385	15	77000000	78000000
2386	15	78000000	79000000
2387	15	79000000	80000000
2388	15	80000000	81000000
2389	15	81000000	82000000
2390	15	82000000	83000000
2391	15	83000000	84000000
2392	15	84000000	85000000
2393	15	85000000	86000000
2394	15	86000000	87000000
2395	15	87000000	88000000
2396	15	88000000	89000000
2397	15	89000000	90000000
2398	15	90000000	91000000
2399	15	91000000	92000000
2400	15	92000000	93000000
2401	15	93000000	94000000
2402	15	94000000	95000000
2403	15	95000000	96000000
2404	15	96000000	97000000
2405	15	97000000	98000000
2406	15	98000000	99000000
2407	15	99000000	100000000
2408	15	100000000	101000000
2409	16	0	1000000
2410	16	1000000	2000000
2411	16	2000000	3000000
2412	16	3000000	4000000
2413	16	4000000	5000000
2414	16	5000000	6000000
2415	16	6000000	7000000
2416	16	7000000	8000000
2417	16	8000000	9000000
2418	16	9000000	10000000
2419	16	10000000	11000000
2420	16	11000000	12000000
2421	16	12000000	13000000
2422	16	13000000	14000000
2423	16	14000000	15000000
2424	16	15000000	16000000
2425	16	16000000	17000000
2426	16	17000000	18000000
2427	16	18000000	19000000
2428	16	19000000	20000000
2429	16	20000000	21000000
2430	16	21000000	22000000
2431	16	22000000	23000000
2432	16	23000000	24000000
2433	16	24000000	25000000
2434	16	25000000	26000000
2435	16	26000000	27000000
2436	16	27000000	28000000
2437	16	28000000	29000000
2438	16	29000000	30000000
2439	16	30000000	31000000
2440	16	31000000	32000000
2441	16	32000000	33000000
2442	16	33000000	34000000
2443	16	34000000	35000000
2444	16	35000000	36000000
2453	16	44000000	45000000
2454	16	45000000	46000000
2455	16	46000000	47000000
2456	16	47000000	48000000
2457	16	48000000	49000000
2458	16	49000000	50000000
2459	16	50000000	51000000
2460	16	51000000	52000000
2461	16	52000000	53000000
2462	16	53000000	54000000
2463	16	54000000	55000000
2464	16	55000000	56000000
2465	16	56000000	57000000
2466	16	57000000	58000000
2467	16	58000000	59000000
2468	16	59000000	60000000
2469	16	60000000	61000000
2470	16	61000000	62000000
2471	16	62000000	63000000
2472	16	63000000	64000000
2473	16	64000000	65000000
2474	16	65000000	66000000
2475	16	66000000	67000000
2476	16	67000000	68000000
2477	16	68000000	69000000
2478	16	69000000	70000000
2479	16	70000000	71000000
2480	16	71000000	72000000
2481	16	72000000	73000000
2482	16	73000000	74000000
2483	16	74000000	75000000
2484	16	75000000	76000000
2485	16	76000000	77000000
2486	16	77000000	78000000
2487	16	78000000	79000000
2488	16	79000000	80000000
2489	16	80000000	81000000
2490	16	81000000	82000000
2491	16	82000000	83000000
2492	16	83000000	84000000
2493	16	84000000	85000000
2494	16	85000000	86000000
2495	16	86000000	87000000
2496	16	87000000	88000000
2497	16	88000000	89000000
2498	17	0	1000000
2499	17	1000000	2000000
2500	17	2000000	3000000
2501	17	3000000	4000000
2502	17	4000000	5000000
2503	17	5000000	6000000
2504	17	6000000	7000000
2505	17	7000000	8000000
2506	17	8000000	9000000
2507	17	9000000	10000000
2508	17	10000000	11000000
2509	17	11000000	12000000
2510	17	12000000	13000000
2511	17	13000000	14000000
2512	17	14000000	15000000
2513	17	15000000	16000000
2514	17	16000000	17000000
2515	17	17000000	18000000
2516	17	18000000	19000000
2517	17	19000000	20000000
2518	17	20000000	21000000
2519	17	21000000	22000000
2520	17	22000000	23000000
2521	17	23000000	24000000
2522	17	24000000	25000000
2523	17	25000000	26000000
2524	17	26000000	27000000
2525	17	27000000	28000000
2526	17	28000000	29000000
2527	17	29000000	30000000
2528	17	30000000	31000000
2529	17	31000000	32000000
2530	17	32000000	33000000
2531	17	33000000	34000000
2532	17	34000000	35000000
2533	17	35000000	36000000
2534	17	36000000	37000000
2535	17	37000000	38000000
2536	17	38000000	39000000
2537	17	39000000	40000000
2538	17	40000000	41000000
2539	17	41000000	42000000
2540	17	42000000	43000000
2541	17	43000000	44000000
2542	17	44000000	45000000
2543	17	45000000	46000000
2544	17	46000000	47000000
2545	17	47000000	48000000
2546	17	48000000	49000000
2547	17	49000000	50000000
2548	17	50000000	51000000
2549	17	51000000	52000000
2550	17	52000000	53000000
2551	17	53000000	54000000
2552	17	54000000	55000000
2553	17	55000000	56000000
2554	17	56000000	57000000
2555	17	57000000	58000000
2556	17	58000000	59000000
2557	17	59000000	60000000
2558	17	60000000	61000000
2559	17	61000000	62000000
2560	17	62000000	63000000
2561	17	63000000	64000000
2562	17	64000000	65000000
2563	17	65000000	66000000
2564	17	66000000	67000000
2565	17	67000000	68000000
2566	17	68000000	69000000
2567	17	69000000	70000000
2568	17	70000000	71000000
2569	17	71000000	72000000
2570	17	72000000	73000000
2571	17	73000000	74000000
2572	17	74000000	75000000
2573	17	75000000	76000000
2574	17	76000000	77000000
2575	17	77000000	78000000
2576	17	78000000	79000000
2577	18	0	1000000
2578	18	1000000	2000000
2579	18	2000000	3000000
2580	18	3000000	4000000
2581	18	4000000	5000000
2582	18	5000000	6000000
2583	18	6000000	7000000
2584	18	7000000	8000000
2585	18	8000000	9000000
2586	18	9000000	10000000
2587	18	10000000	11000000
2588	18	11000000	12000000
2589	18	12000000	13000000
2590	18	13000000	14000000
2591	18	14000000	15000000
2592	18	15000000	16000000
2593	18	16000000	17000000
2594	18	17000000	18000000
2595	18	18000000	19000000
2596	18	19000000	20000000
2597	18	20000000	21000000
2598	18	21000000	22000000
2599	18	22000000	23000000
2600	18	23000000	24000000
2601	18	24000000	25000000
2602	18	25000000	26000000
2603	18	26000000	27000000
2604	18	27000000	28000000
2605	18	28000000	29000000
2606	18	29000000	30000000
2607	18	30000000	31000000
2608	18	31000000	32000000
2609	18	32000000	33000000
2610	18	33000000	34000000
2611	18	34000000	35000000
2612	18	35000000	36000000
2613	18	36000000	37000000
2614	18	37000000	38000000
2615	18	38000000	39000000
2616	18	39000000	40000000
2617	18	40000000	41000000
2618	18	41000000	42000000
2619	18	42000000	43000000
2620	18	43000000	44000000
2621	18	44000000	45000000
2622	18	45000000	46000000
2623	18	46000000	47000000
2624	18	47000000	48000000
2625	18	48000000	49000000
2626	18	49000000	50000000
2627	18	50000000	51000000
2628	18	51000000	52000000
2629	18	52000000	53000000
2630	18	53000000	54000000
2631	18	54000000	55000000
2632	18	55000000	56000000
2633	18	56000000	57000000
2634	18	57000000	58000000
2635	18	58000000	59000000
2636	18	59000000	60000000
2637	18	60000000	61000000
2638	18	61000000	62000000
2639	18	62000000	63000000
2640	18	63000000	64000000
2641	18	64000000	65000000
2642	18	65000000	66000000
2643	18	66000000	67000000
2644	18	67000000	68000000
2645	18	68000000	69000000
2646	18	69000000	70000000
2647	18	70000000	71000000
2648	18	71000000	72000000
2649	18	72000000	73000000
2650	18	73000000	74000000
2651	18	74000000	75000000
2652	18	75000000	76000000
2653	18	76000000	77000000
2654	19	0	1000000
2655	19	1000000	2000000
2656	19	2000000	3000000
2657	19	3000000	4000000
2658	19	4000000	5000000
2659	19	5000000	6000000
2660	19	6000000	7000000
2661	19	7000000	8000000
2662	19	8000000	9000000
2663	19	9000000	10000000
2664	19	10000000	11000000
2665	19	11000000	12000000
2666	19	12000000	13000000
2667	19	13000000	14000000
2668	19	14000000	15000000
2669	19	15000000	16000000
2670	19	16000000	17000000
2671	19	17000000	18000000
2672	19	18000000	19000000
2673	19	19000000	20000000
2674	19	20000000	21000000
2675	19	21000000	22000000
2676	19	22000000	23000000
2677	19	23000000	24000000
2678	19	24000000	25000000
2686	19	32000000	33000000
2687	19	33000000	34000000
2688	19	34000000	35000000
2689	19	35000000	36000000
2690	19	36000000	37000000
2691	19	37000000	38000000
2692	19	38000000	39000000
2693	19	39000000	40000000
2694	19	40000000	41000000
2695	19	41000000	42000000
2696	19	42000000	43000000
2697	19	43000000	44000000
2698	19	44000000	45000000
2699	19	45000000	46000000
2700	19	46000000	47000000
2701	19	47000000	48000000
2702	19	48000000	49000000
2703	19	49000000	50000000
2704	19	50000000	51000000
2705	19	51000000	52000000
2706	19	52000000	53000000
2707	19	53000000	54000000
2708	19	54000000	55000000
2709	19	55000000	56000000
2710	19	56000000	57000000
2711	19	57000000	58000000
2712	19	58000000	59000000
2713	19	59000000	60000000
2714	19	60000000	61000000
2715	19	61000000	62000000
2716	19	62000000	63000000
2717	19	63000000	64000000
2718	20	0	1000000
2719	20	1000000	2000000
2720	20	2000000	3000000
2721	20	3000000	4000000
2722	20	4000000	5000000
2723	20	5000000	6000000
2724	20	6000000	7000000
2725	20	7000000	8000000
2726	20	8000000	9000000
2727	20	9000000	10000000
2728	20	10000000	11000000
2729	20	11000000	12000000
2730	20	12000000	13000000
2731	20	13000000	14000000
2732	20	14000000	15000000
2733	20	15000000	16000000
2734	20	16000000	17000000
2735	20	17000000	18000000
2736	20	18000000	19000000
2737	20	19000000	20000000
2738	20	20000000	21000000
2739	20	21000000	22000000
2740	20	22000000	23000000
2741	20	23000000	24000000
2742	20	24000000	25000000
2743	20	25000000	26000000
2744	20	26000000	27000000
2746	20	28000000	29000000
2747	20	29000000	30000000
2748	20	30000000	31000000
2749	20	31000000	32000000
2750	20	32000000	33000000
2751	20	33000000	34000000
2752	20	34000000	35000000
2753	20	35000000	36000000
2754	20	36000000	37000000
2755	20	37000000	38000000
2756	20	38000000	39000000
2757	20	39000000	40000000
2758	20	40000000	41000000
2759	20	41000000	42000000
2760	20	42000000	43000000
2761	20	43000000	44000000
2762	20	44000000	45000000
2763	20	45000000	46000000
2764	20	46000000	47000000
2765	20	47000000	48000000
2766	20	48000000	49000000
2767	20	49000000	50000000
2768	20	50000000	51000000
2769	20	51000000	52000000
2770	20	52000000	53000000
2771	20	53000000	54000000
2772	20	54000000	55000000
2773	20	55000000	56000000
2774	20	56000000	57000000
2775	20	57000000	58000000
2776	20	58000000	59000000
2777	20	59000000	60000000
2778	20	60000000	61000000
2779	20	61000000	62000000
2780	20	62000000	63000000
2790	21	9000000	10000000
2791	21	10000000	11000000
2794	21	13000000	14000000
2795	21	14000000	15000000
2796	21	15000000	16000000
2797	21	16000000	17000000
2798	21	17000000	18000000
2799	21	18000000	19000000
2800	21	19000000	20000000
2801	21	20000000	21000000
2802	21	21000000	22000000
2803	21	22000000	23000000
2804	21	23000000	24000000
2805	21	24000000	25000000
2806	21	25000000	26000000
2807	21	26000000	27000000
2808	21	27000000	28000000
2809	21	28000000	29000000
2810	21	29000000	30000000
2811	21	30000000	31000000
2812	21	31000000	32000000
2813	21	32000000	33000000
2814	21	33000000	34000000
2815	21	34000000	35000000
2816	21	35000000	36000000
2817	21	36000000	37000000
2818	21	37000000	38000000
2819	21	38000000	39000000
2820	21	39000000	40000000
2821	21	40000000	41000000
2822	21	41000000	42000000
2823	21	42000000	43000000
2824	21	43000000	44000000
2825	21	44000000	45000000
2826	21	45000000	46000000
2827	21	46000000	47000000
2842	22	14000000	15000000
2843	22	15000000	16000000
2844	22	16000000	17000000
2845	22	17000000	18000000
2846	22	18000000	19000000
2847	22	19000000	20000000
2848	22	20000000	21000000
2849	22	21000000	22000000
2850	22	22000000	23000000
2851	22	23000000	24000000
2852	22	24000000	25000000
2853	22	25000000	26000000
2854	22	26000000	27000000
2855	22	27000000	28000000
2856	22	28000000	29000000
2857	22	29000000	30000000
2858	22	30000000	31000000
2859	22	31000000	32000000
2860	22	32000000	33000000
2861	22	33000000	34000000
2862	22	34000000	35000000
2863	22	35000000	36000000
2864	22	36000000	37000000
2865	22	37000000	38000000
2866	22	38000000	39000000
2867	22	39000000	40000000
2868	22	40000000	41000000
2869	22	41000000	42000000
2870	22	42000000	43000000
2871	22	43000000	44000000
2872	22	44000000	45000000
2873	22	45000000	46000000
2874	22	46000000	47000000
2875	22	47000000	48000000
2876	22	48000000	49000000
2877	22	49000000	50000000
2878	23	0	1000000
2879	23	1000000	2000000
2880	23	2000000	3000000
2881	23	3000000	4000000
2882	23	4000000	5000000
2883	23	5000000	6000000
2884	23	6000000	7000000
2885	23	7000000	8000000
2886	23	8000000	9000000
2887	23	9000000	10000000
2888	23	10000000	11000000
2889	23	11000000	12000000
2890	23	12000000	13000000
2891	23	13000000	14000000
2892	23	14000000	15000000
2893	23	15000000	16000000
2894	23	16000000	17000000
2895	23	17000000	18000000
2896	23	18000000	19000000
2897	23	19000000	20000000
2898	23	20000000	21000000
2899	23	21000000	22000000
2900	23	22000000	23000000
2901	23	23000000	24000000
2902	23	24000000	25000000
2903	23	25000000	26000000
2904	23	26000000	27000000
2905	23	27000000	28000000
2906	23	28000000	29000000
2907	23	29000000	30000000
2908	23	30000000	31000000
2909	23	31000000	32000000
2910	23	32000000	33000000
2911	23	33000000	34000000
2912	23	34000000	35000000
2913	23	35000000	36000000
2914	23	36000000	37000000
2915	23	37000000	38000000
2916	23	38000000	39000000
2917	23	39000000	40000000
2918	23	40000000	41000000
2919	23	41000000	42000000
2920	23	42000000	43000000
2921	23	43000000	44000000
2922	23	44000000	45000000
2923	23	45000000	46000000
2924	23	46000000	47000000
2925	23	47000000	48000000
2926	23	48000000	49000000
2927	23	49000000	50000000
2928	23	50000000	51000000
2929	23	51000000	52000000
2930	23	52000000	53000000
2931	23	53000000	54000000
2932	23	54000000	55000000
2933	23	55000000	56000000
2934	23	56000000	57000000
2935	23	57000000	58000000
2936	23	58000000	59000000
2939	23	61000000	62000000
2940	23	62000000	63000000
2941	23	63000000	64000000
2942	23	64000000	65000000
2943	23	65000000	66000000
2944	23	66000000	67000000
2945	23	67000000	68000000
2946	23	68000000	69000000
2947	23	69000000	70000000
2948	23	70000000	71000000
2949	23	71000000	72000000
2950	23	72000000	73000000
2951	23	73000000	74000000
2952	23	74000000	75000000
2953	23	75000000	76000000
2954	23	76000000	77000000
2955	23	77000000	78000000
2956	23	78000000	79000000
2957	23	79000000	80000000
2958	23	80000000	81000000
2959	23	81000000	82000000
2960	23	82000000	83000000
2961	23	83000000	84000000
2962	23	84000000	85000000
2963	23	85000000	86000000
2964	23	86000000	87000000
2965	23	87000000	88000000
2966	23	88000000	89000000
2967	23	89000000	90000000
2968	23	90000000	91000000
2969	23	91000000	92000000
2970	23	92000000	93000000
2971	23	93000000	94000000
2972	23	94000000	95000000
2973	23	95000000	96000000
2974	23	96000000	97000000
2975	23	97000000	98000000
2976	23	98000000	99000000
2977	23	99000000	100000000
2978	23	100000000	101000000
2979	23	101000000	102000000
2980	23	102000000	103000000
2981	23	103000000	104000000
2982	23	104000000	105000000
2983	23	105000000	106000000
2984	23	106000000	107000000
2985	23	107000000	108000000
2986	23	108000000	109000000
2987	23	109000000	110000000
2988	23	110000000	111000000
2989	23	111000000	112000000
2990	23	112000000	113000000
2991	23	113000000	114000000
2992	23	114000000	115000000
2993	23	115000000	116000000
2994	23	116000000	117000000
2995	23	117000000	118000000
2996	23	118000000	119000000
2997	23	119000000	120000000
2998	23	120000000	121000000
2999	23	121000000	122000000
3000	23	122000000	123000000
3001	23	123000000	124000000
3002	23	124000000	125000000
3003	23	125000000	126000000
3004	23	126000000	127000000
3005	23	127000000	128000000
3006	23	128000000	129000000
3007	23	129000000	130000000
3008	23	130000000	131000000
3009	23	131000000	132000000
3010	23	132000000	133000000
3011	23	133000000	134000000
3012	23	134000000	135000000
3013	23	135000000	136000000
3014	23	136000000	137000000
3015	23	137000000	138000000
3016	23	138000000	139000000
3017	23	139000000	140000000
3018	23	140000000	141000000
3019	23	141000000	142000000
3020	23	142000000	143000000
3021	23	143000000	144000000
3022	23	144000000	145000000
3023	23	145000000	146000000
3024	23	146000000	147000000
3025	23	147000000	148000000
3026	23	148000000	149000000
3027	23	149000000	150000000
3028	23	150000000	151000000
3029	23	151000000	152000000
3030	23	152000000	153000000
3031	23	153000000	154000000
3032	23	154000000	155000000
3033	24	0	1000000
3034	24	1000000	2000000
3035	24	2000000	3000000
3036	24	3000000	4000000
3037	24	4000000	5000000
3038	24	5000000	6000000
3039	24	6000000	7000000
3040	24	7000000	8000000
3041	24	8000000	9000000
3042	24	9000000	10000000
3043	24	10000000	11000000
3044	24	11000000	12000000
3045	24	12000000	13000000
3046	24	13000000	14000000
3047	24	14000000	15000000
3048	24	15000000	16000000
3049	24	16000000	17000000
3050	24	17000000	18000000
3051	24	18000000	19000000
3052	24	19000000	20000000
3053	24	20000000	21000000
3054	24	21000000	22000000
3055	24	22000000	23000000
3056	24	23000000	24000000
3057	24	24000000	25000000
3058	24	25000000	26000000
3059	24	26000000	27000000
3060	24	27000000	28000000
3090	24	57000000	58000000
